1.7878227531263717e-16
-4.891243337247723e-19
-3.565740071757843e-21
-6.289407048221812e-19
-4.7840338285086115e-18
1.001178517898326e-18
2.0222229522946913e-19
5.976462708289424e-18
5.376923145699972e-18
-4.891243337248278e-19
4.932925087760139e-17
1.4830289410519438e-18
1.4961329253906505e-18
2.437686061957065e-19
-4.628277190652363e-19
4.972689406047459e-19
-1.307516482476775e-18
-1.1075370453805486e-19
-3.565740071794051e-21
1.4830289410519484e-18
2.6633931451985464e-17
9.676858843638676e-19
-1.31017358460575e-20
8.229570094342716e-19
7.916917655609276e-19
-9.21994924990203e-19
-2.11015076580166e-18
-6.289407048222429e-19
1.4961329253906162e-18
9.676858843638383e-19
2.1675774298569216e-17
1.7165495315034824e-18
2.4816030620656994e-18
5.790764619953437e-19
1.0866159641970899e-19
3.571789702656355e-19
-4.784033828508655e-18
2.4376860619567658e-19
-1.3101735846085908e-20
1.7165495315034744e-18
2.1128892293444993e-17
-1.4515533665118621e-18
1.0095557518398837e-18
-7.460843382047983e-19
-1.4344049206094284e-18
1.0011785178983278e-18
-4.628277190652331e-19
8.229570094342693e-19
2.481603062065705e-18
-1.4515533665118548e-18
2.4036169694354466e-17
2.100015147085879e-18
2.0831022477131702e-18
-3.41719028249776e-19
2.022222952294909e-19
4.972689406047674e-19
7.916917655609427e-19
5.790764619953582e-19
1.0095557518398962e-18
2.1000151470858853e-18
1.9529081131740305e-17
9.228697942448475e-20
5.798148822426309e-19
5.976462708289445e-18
-1.3075164824767498e-18
-9.2199492499018e-19
1.086615964197283e-19
-7.460843382047828e-19
2.0831022477131806e-18
9.228697942448938e-20
2.1930115728789213e-17
1.7717701550760564e-18
5.376923145700014e-18
-1.1075370453801139e-19
-2.110150765801623e-18
3.571789702656642e-19
-1.4344049206094078e-18
-3.417190282497625e-19
5.798148822426378e-19
1.7717701550760587e-18
2.0209939029039246e-17